nX: 256
nV: 128
aX: -1.250000000000000e+00
bX: 1.250000000000000e+00
aV: -7.000000000000000e+00
bV: 7.000000000000000e+00
Knudsen Number: 1.000000000000000e-02
Final Time: 1.600000000000000e-01