nX: 500
nV: 250
aX: -1.000000000000000e+00
bX: 1.000000000000000e+00
aV: -1.500000000000000e+01
bV: 1.500000000000000e+01
Knudsen Number: 1.000000000000000e-03
Final Time: 3.200000000000000e-01